231374875
231374877
231374878
231374884
231374906
231374909
231374907
231374908
231374934
231374935
231374937
231374938
231374939
231374940
231374941
231374981
231374982
231374995
231374996
231374997
231375002
231374999
231375000
231375001
231374998
231375018
231375019
231375020
231375021
231375023
231375022
231375024
231375026
231375027
231375028
231375025
231375029
231375031
231375030
231375033
231375032
231375067
231375071
231375068
231375075
231375077
231375081
231375079
231375082
231375103
231375104
231375102
231375106
231375105
231375107
231375111
231375113
231375112
231375114
231375115
231375116
231375117
231375118
231375138
231375141
231375142
231375139
231375140
231375143
231375144
231375145
231375146
231375147
231375170
231375171
231375180
231375182
231375183
231375184
231375186
231375188
231375202
231375203
231375205
231375201
231375204
231375206
231375207
231375208
231375209
231375210
231375211
231375230
231375227
231375228
231375229
231375231
231375232
231375234
231375235
231375236
231375233
231375276
231375282
231375303
231375304
231375318
231375317
231375319
231375320
231375321
231375322
231375323
231375324
231375341
231375343
231375342
231375362
231375363
231375364
231375366
231375369
231375368
231375373
231375370
231375371
231375374
231375375
231375378
231375376
231375384
231375385
231375386
231375387
231375389
231375390
231375388
231375391
231375393
231375392
231375394
231375395
231375429
231375430
231375431
231375442
231375443
231375444
231375445
231375446
231375447
231375450
231375451
231375449
231375452
231375448
231375461
231375477
231375478
231375479
231375480
231375481
231375482
231375483
231375484
231375485
231375486
231375487
231375488
231375489
231375490
231375492
231375505
231375506
231375507
231375508
231375509
231375510
231375512
231375511
231375513
231375515
231375514
231375516
231375518
231375517
231375519
231375520
231375544
231375546
231375547
231375548
231375549
231375645
231375646
231375649
231375650
231375647
231375694
231375695
231375701
231375697
231375698
231375699
231375700
231375696
231375702
231375703
231375704
231375705
231375706
231375707
231375708
231375725
231375728
231375726
231375727
231375729
231375730
231375732
231375733
231375734
231375737
231375731
231375736
231375735
231375751
231375753
231375754
231375750
231375752
231375755
231375756
231375760
231375757
231375758
231375759
231375761
231375762
231375821
231375847
231375848
231375849
231375850
231375851
231375852
231375853
231375855
231375854
231375856
231375927
231375928
231375935
231375932
231375933
231375929
231375930
231375936
231375931
231375934
231375937
231375965
231375968
231375973
231375981
231375986
231375987
231375988
231375989
231375990
231375993
231376000
231376028
231376029
231376030
231376031
231376032
231376033
231376036
231376037
231376038
231376034
231376035
231376039
231376040
231376041
231376042
231376046
231376045
231376048
231376043
231376044
231376047
231376049
231376050
231376051
231376075
231376076
231376078
231376077
231376093
231376094
231376095
231376097
231376096
231376098
231376099
231376100
231376104
231376101
231376102
231376103
231376109
231376112
231376118
231376125
231376123
231376124
231376131
231376132
231376184
231376186
231376185
231376187
231376259
231376272
231376295
231376399
231376400
231376401
231376402
231376411
231376413
231376412
231376414
231376415
231376416
231376417
231376418
231376419
231376420
231376444
231376445
231376443
231376446
231376448
231376449
231376447
231376450
231376451
231376452
231376453
231376454
231376455
231376473
231376474
231376472
231376476
231376475
231376477
231376478
231376479
231376481
231376480
231376493
231376508
231376509
231376510
231376511
231376566
231376567
231376568
231376570
231376572
231376569
231376571
231376573
231376574
231376576
231376575
231376577
231376578
231376579
231376580
231376581
231376582
231376583
231376584
231376585
231376586
231376587
231376589
231376588
231376590
231376596
231376594
231376595
231376597
231376818
231376819
231376836
231376837
231376841
231376838
231376842
231376843
231376844
231376848
231376847
231376846
231376867
231376864
231376872
231376873
231376875
231376874
231376876
231376877
231376879
231376887
231376889
231376900
231376903
231376905
231376907
231376904
231376909
231376911
231376908
231376921
231376926
231376927
231376924
231376925
231376923
231376928
231376929
231376930
231376931
231377029
231377030
231377031
231377032
231377033
231377034
231377035
231377036
231377037
231377038
231377039
231377105
231377107
231377108
231377192
231377348
231377349
231377350
231377351
231377368
231377615
231377612
231377613
231377614
231377611
231377616
231377617
231377618
231377619
231377622
231377620
231377621
231377623
231377624
231377625
231377626
231377627
231377628
231377655
231377657
231377659
231377660
231377658
231377661
231377656
231377662
231377663
231377664
231377665
231377675
231377810
231377812
231377811
231377813
231377814
231377815
231377816
231377817
231377819
231377818
231377820
231377822
231377821
231377823
231377824
231377825
231377828
231377826
231377827
231377830
231377831
231377829
231377832
231377833
231377834
231377835
231377836
231377837
231377881
231377880
231377882
231377883
231377885
231377884
231377886
231377888
231377887
231377896
231377944
231377930
231377947
231377949
231377959
231377960
231377961
231377997
231377999
231378001
231378000
231378121
231378243
231378311
231378310
231378312
231378309
231378313
231378314
231378315
231378316
231378318
231378317
231378334
231378335
231378336
231378337
231378339
231378338
231378340
231378341
231378342
231378343
231378344
231378346
231378345
231378347
231378348
231378349
231378350
231378351
231378353
231378352
231378354
231378423
231378467
231378468
231378469
231378481
231378624
231378623
231378625
231378626
231378627
231378628
231378629
231378689
231378690
231378692
231378693
231378691
231378694
231378697
231378695
231378696
231378698
231378700
231378701
231378699
231378703
231378702
231378705
231378704
231378706
231378709
231378707
231378708
231378820
231378821
231378822
231378823
231378824
231378825
231378826
231378827
231378828
231378830
231378831
231378829
231378833
231378832
231378853
231378857
231378854
231378855
231378859
231378856
231378858
231378861
231378860
231378863
231378862
231378865
231378867
231378868
231378864
231378866
231378869
231378870
231378901
231378902
231378903
231378904
231378905
231378907
231378906
231378909
231378908
231378912
231378914
231378910
231378911
231378913
231378915
231378916
231378917
231378920
231378923
231378918
231378924
231378921
231378922
231378919
231378925
231378927
231378926
231378929
231378930
231378928
231378932
231378931
231378933
231378934
231378937
231378936
231378941
231378938
231378939
231378935
231378940
231378942
231378943
231378944
231378945
231378962
231379010
231379011
231379012
231379013
231379019
231379014
231379015
231379016
231379018
231379020
231379021
231379017
231379022
231379026
231379024
231379028
231379023
231379027
231379025
231379029
231379030
231379031
231379035
231379037
231379034
231379042
231379044
231379045
231379111
231379112
231379113
231379114
231379118
231379115
231379116
231379117
231379119
231379121
231379123
231379120
231379122
231379124
231379126
231379164
231379167
231379197
231379202
231379204
231379209
231379213
231379215
231379234
231379238
231379239
231379235
231379236
231379237
231379241
231379240
231379242
231379243
231379244
231379246
231379245
231379278
231379279
231379280
231379281
231379282
231379283
231379286
231379309
231379335
231379336
231379337
231379338
231379339
231379340
231379341
231379342
231379343
231379344
231379346
231379345
231379347
231379348
231379353
231379354
231379355
231379359
231379412
231379410
231379411
231379413
231379429
231379462
231379464
231379471
231379472
231379473
231379474
231379484
231379492
231379511
231379514
231379512
231379513
231379563
231379561
231379562
231379566
231379567
231379577
231379601
231379603
231379621
231379620
231379617
231379619
231379622
231379623
231379624
231379626
231379625
231379618
231379630
231379629
231379631
231379632
231379628
231379627
231379633
231379635
231379636
231379634
231379637
231379638
231379642
231379646
231379647
231379643
231379644
231379645
231379653
231379649
231379650
231379651
231379652
231379648
231379654
231379655
231379657
231379658
231379656
231379691
231379750
231379766
231379783
231379802
231379842
231379858
231379863
231379859
231379864
231379866
231379871
231379949
231379951
231379970
231379983
231380043
231380052
231380057
231380059
231380070
231380071
231380072
231380074
231380073
231380078
231380080
231380084
231380093
231380094
231380095
231380123
231380121
231380124
231380126
231380125
231380127
231380128
231380129
231380130
231380131
231380132
231380133
231380153
231380197
231380224
231380226
231380227
231380228
231380230
231380248
231380249
231380254
231380280
231380323
231380322
231380326
231380327
231380329
231380328
231380324
231380325
231380389
231380393
231380392
231380394
231380395
231380396
231380398
231380397
231380399
231380400
231380401
231380402
231380390
231380391
231380412
231380408
231380410
231380449
231380451
231380452
231380453
231380450
231380454
231380456
231380457
231380458
231380459
231380455
231380466
231380467
231380468
231380469
231380470
231380487
231380518
231380520
231380519
231380521
231380575
231380574
231380677
231380678
231380690
231380689
231380691
231380692
231380693
231380694
231380695
231380696
231380698
231380697
231380699
231380700
231380701
231380702
231380703
231380705
231380704
231380708
231380707
231380706
231380709
231380711
231380710
231380712
231380713
231380805
231380806
231380808
231380807
231380809
231380810
231380812
231380813
231380811
231380814
231380816
231380815
231380817
231380818
231380821
231380819
231380820
231380822
231380823
231380824
231380825
231380826
231380827
231380828
231380829
231380830
231380832
231380831
231380833
231380834
231380835
231380836
231380837
231380841
231380839
231380840
231380838
231380843
231380842
231380844
231380845
231380846
231380847
231380849
231380848
231380850
231380851
231380852
231380853
231380856
231380855
231380858
231380854
231380859
231380857
231380860
231380861
231380862
231380863
231380865
231380867
231380866
231380864
231380868
231380869
231380870
231380871
231380872
231380873
231380876
231380874
231380875
231380877
231380879
231380880
231380881
231380885
231380878
231380893
231380894
231380917
231380918
231380919
231380920
231380921
231380927
231380926
231380928
231380929
231380930
231380931
231380932
231380933
231380949
231380964
231380963
231380965
231380961
231380966
231380962
231380967
231380968
231380969
231380970
231380971
231380974
231380972
231380973
231380975
231380976
231380977
231380978
231380979
231380982
231380983
231380980
231380984
231380981
231380985
231380986
231380987
231380990
231380988
231380989
231381007
231381006
231381009
231381019
231381020
231381022
231381024
231381023
231381021
231381026
231381027
231381025
231381028
231381030
231381029
231381035
231381034
231381031
231381032
231381033
231381051
231381052
231381053
231381054
231381055
231381056
231381058
231381059
231381057
231381060
231381083
231381084
231381085
231381095
231381121
231381122
231381123
231381124
231381126
231381128
231381127
231381129
231381130
231381131
231381132
231381125
231381159
231381158
231381160
231381161
231381162
231381164
231381165
231381163
231381167
231381166
231381190
231381188
231381192
231381193
231381194
231381195
231381197
231381196
231381189
231381207
231381208
231381191
231381209
231381210
231381211
231381214
231381212
231381213
231381215
231381256
231381257
231381258
231381260
231381261
231381262
231381263
231381259
231381265
231381264
231381281
231381282
231381283
231381284
231381285
231381286
231381287
231381288
231381291
231381289
231381290
231381292
231381294
231381293
231381296
231381297
231381295
231381298
231381299
231381300
231381301
231381302
231381303
231381305
231381306
231381304
231381336
231381357
231381458
231381457
231381459
231381460
231381481
231381482
231381483
231381487
231381486
231381484
231381488
231381485
231381489
231381490
231381507
231381503
231381505
231381504
231381508
231381506
231381509
231381510
231381513
231381511
231381512
231381514
231381515
231381532
231381533
231381598
231381599
231381600
231381602
231381603
231381601
231381606
231381604
231381605
231381607
231381608
231381609
231381610
231381612
231381613
231381611
231381650
231381653
231381663
231381662
231381664
231381665
231381667
231381666
231381670
231381671
231381668
231381669
231381675
231381676
231381685
231381698
231381699
231381700
231381701
231381706
231381707
231381708
231381709
231381710
231381712
231381711
231381713
231381715
231381716
231381714
231381717
231381718
231381719
231381720
231381729
231381730
231381733
231381734
231381731
231381732
231381728
231381735
231381747
231381750
231381751
231381752
231381754
231381753
231381758
231381755
231381756
231381757
231381759
231381760
231381784
231381786
231381796
231381808
231381805
231381806
231381809
231381807
231381810
231381813
231381815
231381816
231381818
231381817
231381822
231381820
231381821
231381819
231381823
231381824
231381826
231381838
231381839
231381841
231381842
231381840
231381843
231381844
231381846
231381845
231381850
231381848
231381851
231381849
231381852
231381853
231381856
231381854
231381857
231381847
231381859
231381883
231381884
231381888
231381885
231381886
231381887
231381889
231381890
231381891
231381892
231381893
231381948
231381949
231381950
231381951
231381952
231381953
231381955
231381957
231381956
231381958
231381959
231381954
231381969
231381971
231381970
231381974
231381973
231381972
231381975
231381976
231381977
231381978
231381979
231381982
231381980
231381983
231381981
231381984
231382031
231382032
231382034
231382037
231382036
231382033
231382035
231382038
231382040
231382042
231382041
231382043
231382039
231382072
231382073
231382076
231382074
231382077
231382075
231382078
231382079
231382080
231382082
231382084
231382083
231382085
231382081
231382086
231382088
231382091
231382087
231382094
231382089
231382090
231382093
231382095
231382096
231382100
231382102
231382099
231382103
231382104
231382105
231382107
231382108
231382117
231382118
231382119
231382120
231382123
231382124
231382126
231382125
231382127
231382129
231382130
231382128
231382131
231382132
231382122
231382121
231382135
231382133
231382136
231382134
231382137
231382138
231382139
231382140
231382142
231382174
231382175
231382177
231382178
231382176
231382204
231382205
231382203
231382250
231382256
231382251
231382252
231382257
231382258
231382261
231382293
231382301
231382308
231382307
231382309
231382314
231382317
231382323
231382324
231382325
231382326
231382327
231382348
231382365
231382366
231382382
231382383
231382384
231382385
231382387
231382388
231382389
231382386
231382390
231382391
231382394
231382392
231382393
231382413
231382414
231382415
231382412
231382416
231382421
231382417
231382418
231382419
231382420
231382422
231382423
231382424
231382425
231382426
231382449
231382450
231382451
231382453
231382452
231382492
231382495
231382493
231382494
231382496
231382497
231382520
231382519
231382521
231382522
231382523
231382524
231382525
231382526
231382527
231382528
231382529
231382530
231382531
231382532
231382533
231382535
231382534
231382536
231382537
231382540
231382539
231382538
231382541
231382555
231382554
231382557
231382558
231382556
231382559
231382571
231382592
231382593
231382594
231382596
231382595
231382597
231382601
231382598
231382599
231382602
231382603
231382604
231382600
231382605
231382612
231382606
231382610
231382611
231382607
231382608
231382609
231382613
231382614
231382616
231382615
231382618
231382619
231382617
231382620
231382621
231382622
231382624
231382623
231382639
231382642
231382643
231382640
231382645
231382644
231382647
231382646
231382648
231382650
231382654
231382652
231382655
231382649
231382653
231382651
231382656
231382657
231382658
231382659
231382660
231382670
231382673
231382671
231382672
231382674
231382675
231382676
231382679
231382681
231382677
231382678
231382680
231382682
231382683
231382690
231382704
231382717
231382722
231382780
231382781
231382782
231382783
231382784
231382785
231382787
231382789
231382786
231382788
231382790
231382792
231382793
231382791
231382797
231382795
231382794
231382801
231382799
231382798
231382800
231382806
231382805
231382803
231382802
231382804
231382815
231382816
231382819
231382823
231382821
231382822
231382824
231382825
231382831
231382832
231382833
231382834
231382835
231382837
231382840
231382841
231382842
231382843
231382845
231382846
231382844
231382836
231382847
231382850
231382853
231382851
231382854
231382852
231382855
231382857
231382858
231382856
231382859
231382860
231382861
231382863
231382862
231382888
231382889
231382973
231382990
231382992
231382994
231382991
231382995
231382993
231382997
231382998
231383001
231382999
231383000
231383003
231383006
231383005
231383004
231383009
231383010
231383011
231383012
231383019
231383020
231383043
231383044
231383045
231383047
231383048
231383046
231383049
231383051
231383052
231383050
231383053
231383055
231383056
231383054
231383057
231383058
231383061
231383059
231383060
231383062
231383063
231383071
231383072
231383073
231383075
231383074
231383076
231383078
231383079
231383080
231383077
231383081
231383083
231383082
231383114
231383115
231383118
231383116
231383117
231383120
231383119
231383122
231383121
231383123
231383124
231383125
231383126
231383128
231383127
231383129
231383131
231383157
231383158
231383161
231383159
231383160
231383164
231383165
231383162
231383163
231383166
231383167
231383168
231383169
231383181
231383180
231383182
231383187
231383189
231383183
231383184
231383190
231383185
231383186
231383188
231383191
231383192
231383193
231383194
231383207
231383208
231383209
231383210
231383214
231383211
231383212
231383213
231383216
231383217
231383215
231383221
231383220
231383219
231383222
231383224
231383218
231383223
231383225
231383226
231383300
231383299
231383301
231383304
231383305
231383302
231383303
231383306
231383307
231383308
231383309
231383310
231383311
231383312
231383313
231383314
231383315
231383316
231383317
231383326
231383344
231383345
231383346
231383348
231383349
231383350
231383347
231383352
231383351
231383353
231383354
231383356
231383355
231383357
231383358
231383359
231383361
231383362
231383360
231383718
231383717
231383719
231383720
231383746
231383751
231383750
231383747
231383748
231383749
231383792
231383793
231383797
231383800
231383801
231383802
231383806
231383813
231383815
231383843
231383858
231383861
231383859
231383949
231383950
231383952
231383951
231383955
231383953
231383954
231383956
231383957
231383979
231383978
231383980
231383982
231383981
231383983
231383984
231383985
231383986
231383987
231383988
231383990
231383989
231383992
231383991
231383993
231384069
231384072
231384073
231384070
231384074
231384071
231384075
231384076
231384078
231384077
231384261
231384262
231384270
231384269
231384271
231384273
231384274
231384285
231384286
231384334
231384337
231384339
231384338
231384336
231384340
231384341
231384342
231384344
231384343
231384345
231384375
231384374
231384376
231384378
231384379
231384380
231384381
231384377
231384398
231384399
231384402
231384403
231384404
231384416
231384420
231384418
231384427
231384443
231384445
231384444
231384446
231384447
231384448
231384449
231384450
231384451
231384452
231384453
231384454
231384456
231384457
231384458
231384459
231384460
231384461
231384465
231384455
231384466
231384467
231384468
231384469
231384470
231384472
231384471
231384473
231384481
231384483
231384482
231384484
231384486
231384485
231384487
231384488
231384489
231384490
231384491
231384493
231384495
231384492
231384494
231384529
231384532
231384530
231384531
231384533
231384535
231384540
231384539
231384541
231384536
231384537
231384538
231384542
231384543
231384545
231384546
231384544
231384547
231384548
231384549
231384550
231384551
231384555
231384553
231384552
231384554
231384556
231384557
231384558
231384561
231384560
231384562
231384563
231384559
231384564
231384565
231384567
231384566
231384568
231384571
231384570
231384569
231384572
231384534
231384586
231384585
231384587
231384588
231384590
231384589
231384593
231384594
231384592
231384595
231384596
231384591
231384597
231384598
231384599
231384601
231384602
231384600
231384603
231384604
231384636
231384666
231384667
231384668
231384670
231384669
231384671
231384674
231384675
231384673
231384672
231384676
231384677
231384678
231384679
231384680
231384681
231384682
231384683
231384684
231384685
231384686
231384703
231384704
231384706
231384705
231384707
231384709
231384708
231384712
231384710
231384711
231384713
231384714
231384715
231384716
231384717
231384719
231384720
231384722
231384721
231384718
231384723
231384724
231384729
231384727
231384728
231384730
231384726
231384725
231384731
231384732
231384733
231384735
231384738
231384734
231384736
231384739
231384740
231384737
231384741
231384742
231384743
231384745
231384747
231384748
231384744
231384746
231384749
231384750
231384751
231384752
